3846
3909
3781
3844
3846
2944
2473
1436
2430
3768
2460
2460
2460
2012
2842
2850
2851
3046
2851
2851
2851
2851
3046
2851
3453
3047
3047
2851
2851
2851
3046
2851
3046
2851
2592
2592
2849
2849
3239
2460
3292
3040
3846
3912
3781
3781
3844
3720
3720
3909
2198
1381
2266
2460
3028
3302
1441
1953
3175
2787
3175
2787
2842
874
3844
3909
3844
3844
3584
1131
3269
3710
2431
3386
2460
2460
3386
2012
3239
2850
2849
2851
2851
2851
2851
2851
2851
2851
2851
2851
2851
3580
2851
3580
2851
2851
2851
3046
2592
1889
2787
2849
1441
2524
2460
1630
3846
3783
3783
3783
3781
3844
3844
3720
3717
1381
1816
2074
2269
3028
3239
1441
1441
1953
1889
3580
2567
339
3720
3844
3844
3844
1044
3460
3909
3710
2431
3832
2460
2460
3386
2012
2082
1953
2592
2849
2851
2851
2851
2851
3047
2851
2851
2851
3047
2844
2851
3580
3453
3071
3071
2844
1889
1889
2657
2844
3175
2076
2460
3292
3717
3846
3846
3846
3783
3844
3844
3844
3040
2198
1381
2266
3892
2012
3028
1953
2786
3580
3389
228
339
339
3844
3846
3783
3584
1389
3714
3269
3710
2431
3832
2460
3386
2460
2397
3239
1953
2849
2849
2592
2657
2851
2851
2908
2851
2851
1889
1953
2780
1889
1889
2849
2851
2719
2849
2849
3175
1889
2849
3175
1692
2460
3708
3040
3846
3846
3846
3846
3844
3781
3844
3912
3719
1944
1381
2138
2269
2715
1441
2786
3580
2183
339
615
339
3783
3846
3584
1389
3269
3846
3909
2267
2429
3832
2460
3386
3386
2012
1693
3239
2592
2592
1889
2592
2844
2657
2851
2849
2849
2849
1441
3175
1953
1441
2592
2657
3046
2849
2849
2787
3175
1889
1953
2012
2524
3292
3103
3780
3846
3846
3844
3844
3844
3844
3040
3040
1812
1381
1177
2010
2012
1953
3580
228
341
339
339
339
3846
3846
1002
3714
3846
3460
3909
3836
2431
3832
2460
3832
3386
2012
3028
2842
1889
2787
2780
2780
2849
2908
2908
2592
3046
2592
2913
2853
3572
3061
3491
2901
2592
2849
2849
2780
2849
2849
3175
2075
2269
1629
3103
3040
3720
3844
3780
3844
3844
3975
3040
3103
3103
2260
1381
2194
2460
1693
228
615
339
477
339
615
3846
3584
3909
3108
3911
3460
3269
3710
2431
3832
3386
3386
2460
2012
3239
2842
1889
2850
2657
2592
1889
2849
2844
2851
3103
3912
3717
3584
1765
3011
2753
1068
981
2964
2592
2657
1889
1953
3048
2012
2269
1629
3103
3103
3040
3720
3781
3912
3040
3040
3103
3103
3103
3717
1381
1381
2074
228
541
615
339
339
615
615
3584
3269
3104
3644
1938
3460
3269
3710
2367
2430
3832
3832
3386
2012
3028
3239
1953
1889
1889
3100
3095
2983
3294
3582
3108
3719
3912
3584
1555
3457
3073
2027
1814
1046
3491
2901
1953
1953
2012
2269
2460
1629
3103
3103
3103
3040
3040
3912
3103
3103
3103
3103
3103
3103
2198
1381
2595
615
615
339
339
339
339
339
3459
3910
2619
3292
3584
1044
3269
3710
2558
2431
3832
3832
3832
2460
2012
2012
1953
1953
1889
1438
3451
3112
1890
2851
2851
3453
3719
3780
1170
1765
1239
1768
1832
1254
2004
981
2460
2012
2012
2460
2460
3515
3103
3912
3103
3103
3103
3103
3103
3103
3103
3103
3103
3103
3717
2340
536
615
339
339
339
339
339
530
3269
2598
2494
3292
3584
1389
3269
3836
2303
1054
3832
3832
2749
2460
2075
2012
3028
1953
1442
3787
1437
3354
1185
1506
2847
2982
3103
3912
3525
1489
2946
1063
1942
1814
1832
2154
937
3066
2460
3768
3958
3515
3455
3781
3040
3774
3835
3103
3103
3040
3103
3103
3103
3912
2916
2504
615
339
339
339
339
339
481
1615
3910
3966
4030
3292
1938
1389
3909
2523
2303
2430
3832
3832
3832
2460
2012
1693
3112
3112
3839
2460
1693
3302
3353
1441
2851
3389
3453
3103
3584
2946
2946
2817
1832
1896
1381
1381
1381
3500
3964
3832
3958
3515
3103
3844
3975
2942
3967
3645
3103
3103
3103
3103
3103
3040
2158
541
339
339
339
2314
339
280
3042
3779
2567
2431
2431
3292
3846
1389
3269
2942
2558
2876
3832
3832
3386
2460
2012
3028
2842
3175
2460
2524
2075
2337
2525
2849
3453
3103
3327
3103
3333
3459
3458
1702
1816
1896
1816
1381
1381
1381
3813
2429
2430
3515
3103
3844
3975
2942
341
3961
3103
3103
3103
3103
3103
3041
339
341
339
339
2314
339
345
990
3228
3103
4030
2431
2431
3292
1938
3460
3269
3836
2303
2430
3832
3832
3386
2460
2012
3028
2850
2396
2012
2269
2012
3028
2780
2851
3135
3103
3135
3199
2970
1772
1254
1816
1816
1896
1816
1816
1381
1381
1816
939
3967
3834
3103
3720
3040
2523
339
1551
2981
3103
3103
3103
3910
485
541
345
339
339
339
339
990
3228
3455
3584
2557
2430
2431
3292
3846
3460
3269
3836
2303
2495
3832
3832
3832
2460
2075
2011
2030
3386
2269
2012
2012
3112
2851
3165
3453
3389
3774
2590
4008
2883
1575
1063
1813
1896
1816
1816
1816
1816
1381
1381
1198
2812
3103
3844
3844
3836
2378
615
3967
3518
2974
3912
2666
615
339
339
339
339
2314
2250
2667
3103
3783
3846
2431
2431
4030
3292
3717
3460
3269
1883
2303
2875
2430
2430
3832
2460
2269
1179
1370
3768
2333
2012
3302
3580
3389
2911
2846
3286
2711
3073
2753
2817
2945
1813
1816
1254
1254
1816
1896
1381
1381
1381
2194
3967
3103
3781
3844
2523
2378
530
1615
2467
1816
1752
1870
339
339
339
339
477
339
3043
3519
2975
3846
3846
2431
2876
2431
3515
1938
1044
3269
3836
2303
2875
3832
3832
3832
2460
2269
2338
2598
3386
2269
2397
1506
1569
2786
3047
3417
2914
3585
1192
1553
3392
1511
1063
2883
1813
1896
1816
1816
1896
1896
1381
1381
1198
1630
3844
3781
1117
422
361
2281
1381
1381
1381
2158
339
339
339
339
339
1615
3912
3655
3714
3714
3844
2876
3832
4021
3292
1938
1389
3269
3836
2558
2495
3832
3386
3386
2460
2269
2402
2598
3768
2460
2205
2715
1953
2592
2210
3777
3908
3653
1874
2219
1432
1643
3009
2882
2883
1897
2154
2088
1944
1896
1896
1816
1177
2949
3720
3912
2659
3543
1813
1381
1816
1381
1381
2158
477
339
615
339
2250
2667
3907
3846
3909
3909
3720
3958
2749
3832
3292
1938
2944
3077
2267
2367
2431
3832
3832
2749
2460
2460
1252
2942
3768
3386
2460
2589
3048
2525
3229
3040
3103
3462
1109
1131
1492
3201
3392
1770
1706
1685
2883
3075
1383
1254
1960
1942
2883
2264
3712
870
1254
2024
1816
1816
1896
1381
1381
987
339
339
615
339
932
3040
3783
3846
3844
3844
3844
3832
3958
3832
3292
1938
1617
3459
3710
2303
2430
3832
3832
3832
3386
3386
1830
3710
2524
2460
2269
3093
3069
3906
3103
3971
3912
3908
1044
3586
2625
1109
1646
3072
1387
3267
1765
2947
1063
2817
2753
1706
3011
2406
2215
2154
1896
1816
1896
1896
1960
1381
2088
341
339
339
339
990
3906
3717
3846
3909
3844
3844
3844
3832
3832
3832
3292
1938
1617
3459
2331
3960
2430
3832
3832
3832
3832
2963
2261
3391
3836
2460
2397
1501
1760
3389
3166
3912
3850
3719
3653
1386
3204
1389
1491
3139
3586
3201
1428
1706
1576
2346
1389
3009
3010
1048
1896
1816
1896
1896
1896
1445
2410
2880
2094
615
339
615
345
979
3040
3846
3846
3714
3846
3783
3780
2876
2430
2430
3292
1938
2473
3459
2331
2303
2430
3832
3832
3832
2749
1179
1624
3909
1375
3258
2333
3228
3167
3110
3103
3969
3103
3973
3713
3649
2498
3846
1002
3778
1044
3460
3204
2410
1389
3653
3393
1557
1896
2883
1749
1832
1896
1896
1381
2213
2885
2198
536
2314
339
339
1615
3912
3717
3846
3909
3846
3909
3844
3844
3832
2622
3832
3292
1938
1617
1389
2331
2303
2557
3832
3832
3832
3832
1233
1752
2473
3782
3836
3708
3646
3168
3165
3109
3977
3973
3912
2713
2855
2903
3124
2788
2789
3912
2970
2539
917
3649
3924
1559
2278
2820
1832
1896
1896
1896
1381
2149
1003
3320
2595
530
339
339
345
2667
3040
3846
3846
3844
3720
3844
3720
3720
3832
2749
3386
1438
3584
1131
3459
2331
2303
2875
3832
2749
3832
3958
3834
1752
2266
3913
3421
3419
3168
3453
1697
2843
3047
3263
3231
3294
2686
2621
2903
2979
2365
2611
1870
365
932
998
1317
1814
1814
1814
1896
1896
1381
1445
874
4018
1118
2660
536
2314
339
2314
1615
3912
3717
3846
3846
3783
3844
3844
3844
3844
3832
2749
3386
1438
1938
1617
2473
2331
2303
2875
3832
3832
3832
3958
4022
1877
2266
3583
3454
2397
3158
3294
2843
1697
3453
1313
3774
4020
2873
353
4028
2807
3960
302
2505
490
1772
2883
1814
1063
1814
1749
1254
934
3735
2045
1118
3572
2660
2158
339
339
339
337
979
3103
3460
3460
3846
3783
3844
3844
3844
3720
2460
2940
3386
3292
1938
1131
2473
2331
2558
2875
2876
2749
3832
3832
2622
3751
1127
1197
2523
2843
3294
2779
2722
992
3711
3041
2238
478
339
2288
300
2614
479
669
490
2403
2947
1701
1706
1829
1063
1127
227
2359
3356
1068
1044
871
2158
615
477
339
2314
796
3103
3717
3460
3460
3460
3783
3909
3844
3844
3975
2460
2940
3832
3292
1938
1131
3459
2331
2303
2875
2876
3832
2876
3832
3386
3163
1752
2156
2146
992
2779
1184
2780
2902
3960
990
343
669
541
481
340
296
2614
2581
2660
1814
1451
3008
2346
3073
2947
1618
2492
2749
2018
2193
2340
306
541
339
339
339
477
932
3390
3584
3460
3460
3460
3846
3846
3783
3844
3844
2460
2460
3958
3515
1938
1617
3459
2331
2303
2875
2876
3832
3832
3386
2269
3958
2402
2266
1883
2397
2901
2837
1692
3966
292
2239
339
2609
346
339
343
2609
3834
2177
3267
3138
1556
1515
3331
1559
1832
1752
1198
2109
2581
3972
867
615
477
339
339
411
345
3643
1886
3460
1044
3460
3460
3846
3846
3844
3844
3844
2460
2940
2622
3515
1938
1617
3459
2331
2303
2875
3832
3832
3832
3386
2012
2460
2402
1370
2012
1948
3643
3773
2504
280
615
413
296
274
2413
412
429
3868
2564
2946
2817
3460
3329
1386
1959
1896
1896
1896
2074
481
3967
2499
2378
615
477
345
339
2314
1615
2851
3781
3846
3846
3846
3846
3460
3846
3846
3844
3975
3386
2749
2430
2941
1938
1617
1258
3722
3960
2875
3832
3832
3832
3770
1564
2012
2583
2074
2076
2843
1117
300
339
481
339
339
339
2239
2239
2505
3531
2348
3205
3330
3072
1002
3525
2003
1957
1896
1381
1381
2202
2422
411
1809
351
339
345
481
339
339
3387
1886
3909
3912
3040
3720
3908
3846
3714
3909
3844
3975
3386
3832
2430
3515
1938
1556
3459
1455
3960
2430
3832
3386
3386
2269
2075
1947
3419
2713
2837
3774
300
2377
615
418
481
345
339
370
551
490
3652
2003
2518
2472
3909
3845
1617
1765
1942
1254
1381
1381
2218
3966
541
1169
346
477
280
339
339
796
3165
1938
3846
3846
3783
3844
3912
3912
3040
3912
3040
3040
3832
3832
2622
3770
1938
1556
3459
3722
3960
2875
3832
3386
3832
2460
1693
2141
3041
2980
3646
2567
354
669
341
292
339
339
2251
2314
2610
1950
3396
2003
2340
2713
2903
2789
1556
1238
1959
1814
1896
1381
1445
2158
530
2128
987
478
280
339
339
932
3262
3846
3846
3846
3846
3269
3844
3912
3103
3103
3103
3102
3832
2940
4021
3770
1938
1556
1646
1262
3960
2875
3832
3832
3832
3768
2525
3719
2895
932
2567
293
608
294
345
342
2062
2188
347
493
2411
2148
1958
2712
2713
2903
3032
2967
1791
1555
1366
1814
2883
1003
3320
3960
412
868
2349
280
339
339
477
3387
1886
3714
3844
3844
3846
3909
3781
3844
3844
3391
3103
3135
3832
2430
4022
3961
1938
1556
3459
1326
3960
2875
3832
2749
2430
979
2629
3912
3041
867
2376
2429
990
341
608
615
89
2062
2379
3531
2691
2278
2534
297
339
339
3033
1551
2780
3103
1941
2154
2183
276
346
477
339
868
2349
280
339
339
1551
3165
3783
3909
3844
3844
3720
3844
3844
3040
3720
3912
3263
3389
3832
2622
3960
2812
1938
1765
2156
3722
3960
2876
3386
3832
4022
2969
2914
3041
2569
280
368
608
3958
339
341
481
615
2317
482
3652
2150
2712
1977
926
4031
2247
2132
1051
3451
3390
1380
1114
360
2423
2349
615
615
1551
1198
351
339
339
1743
3103
3909
3844
3040
3912
3040
3844
3912
3040
3040
3165
2851
1503
3832
2899
3960
2812
1938
1765
2156
3718
2621
3832
2269
2158
855
2564
2183
281
156
2569
299
1916
3897
545
339
339
615
2505
2338
1573
2712
3168
3106
3032
2652
2788
2789
1069
2786
3516
2008
2138
2919
2903
291
337
339
2096
3813
481
339
337
3387
3655
3720
3781
3912
3781
3720
3040
3040
2983
3453
2906
1323
3136
4021
2429
2239
2161
1938
1765
1451
3718
3960
3832
2460
3644
3041
2494
2378
926
4020
867
280
2680
4020
333
615
615
530
2288
2348
2595
2836
3645
2975
2975
2975
2975
1044
3975
2851
3046
2198
1752
3656
2919
3068
2422
345
292
2285
481
341
1551
2851
3781
3844
3040
3040
3040
3040
3040
3103
2851
1772
2819
1063
1063
2430
2367
292
2161
1938
1765
2156
3718
3960
1118
2653
2910
2183
2504
608
1118
1737
2378
2125
2417
2183
2232
337
615
429
2665
1961
88
3004
3645
3717
3584
1556
1617
3459
3909
3165
3046
2198
1752
3269
3327
1184
3960
345
337
1808
339
2314
1807
3262
3844
3780
3912
3912
3912
3103
3103
2851
1772
2215
1814
2820
1832
299
2303
351
2161
3717
1109
1515
3718
3960
2876
2269
1727
4030
1967
298
3984
346
339
2314
2318
2378
2878
469
541
2288
1252
2158
338
1693
2851
3040
3333
2346
1515
2473
3039
2983
2655
2193
1752
3269
3327
992
2504
339
2378
3391
614
339
979
2177
3909
3720
3912
3040
3103
3103
3035
1886
2215
1814
1749
1896
1896
2303
2303
481
2161
3911
1617
1258
3718
3960
3901
2462
2158
2439
2422
2239
3004
3960
344
541
2288
2247
3935
607
429
2274
685
2444
2544
3515
2851
3103
3717
3846
3139
3269
3263
3047
1889
2014
1381
3909
3035
992
481
345
2378
2386
987
345
3228
3846
3844
3844
3040
3912
3103
3103
2851
2148
1814
1832
1896
1381
1816
4031
2303
339
1807
3911
1556
1556
3718
2558
3068
1373
2631
2237
2111
4022
2583
1474
345
615
2175
4023
352
2379
490
2402
867
541
2742
3004
2592
3390
3912
3844
3846
3909
3104
3452
2919
3262
1381
3909
3035
3963
339
280
2378
2596
604
1807
3103
3909
3844
3040
3040
3040
3103
3035
1581
1254
1749
1381
1816
1381
1896
2494
2303
280
2161
3717
1617
1556
3718
2429
2430
2012
2175
4024
1615
369
2836
1059
341
2254
411
2239
2378
796
1748
2666
615
341
2621
3004
2780
3453
3103
3040
3720
3909
3710
2500
2554
3835
3607
3784
3035
2158
615
280
339
1743
3079
1743
3779
3909
3040
3040
3040
3040
3103
3135
1444
1254
1896
1896
1381
1381
1816
2303
2303
292
3770
1938
1131
1556
3718
3960
2876
2461
734
608
298
292
3386
3791
469
2551
550
3042
979
2500
685
2378
339
341
3258
1693
3295
2851
3103
3103
3844
3846
3975
2839
2914
2153
2200
3040
3041
339
477
299
339
1807
3079
2667
3717
3844
3912
3040
3040
3103
3263
3390
1572
1896
1381
1896
1381
1381
1381
292
292
292
3833
1938
1617
1556
3718
3960
1118
2587
990
2158
280
2544
3967
2682
1123
287
359
991
2474
3483
556
339
345
339
3958
2397
2592
2851
3103
3103
3040
3912
3040
3844
2260
2212
2343
2983
2158
339
345
299
339
1807
2459
3103
3720
3844
3040
3040
3103
3103
3165
3262
1957
1381
1381
1381
1381
1381
1381
344
292
292
2941
1938
1556
2156
3718
2621
3113
3015
2159
300
481
2680
2431
2303
4020
1801
2083
2649
2662
536
2351
339
280
341
4030
2751
2592
2851
3390
3103
2855
2903
2903
2903
2774
1003
2713
2822
2378
339
477
299
418
1871
2950
3103
3781
3040
3040
3040
3103
3103
3035
2014
1896
1381
1381
1381
1381
1381
1381
345
345
299
3292
1938
1556
1770
3718
2053
2836
2567
370
355
292
927
3967
3966
2875
3043
2083
2563
3217
339
411
339
345
2378
2303
2812
3028
1889
3166
3103
2919
2965
3324
980
1068
2976
3199
2158
339
341
345
2303
292
338
3784
3912
3844
3781
3912
3040
3040
3103
3389
2083
1381
1381
1381
1381
1381
1381
1381
339
339
990
3834
1938
1765
1451
1902
3960
3703
291
2239
345
292
3703
2491
2486
3007
3099
2466
685
339
477
339
477
477
481
299
3967
3768
1373
2592
3453
3103
3046
2849
1312
3166
3906
3041
339
339
337
345
2303
292
338
3391
3844
3844
3720
3844
3912
3040
3103
3454
2530
1381
1381
1381
1381
1816
1816
1381
339
339
482
3515
3717
1556
2156
3718
3960
3959
293
296
338
339
3903
4026
3831
3961
3965
3743
485
339
477
339
339
477
477
340
292
3967
3768
3388
3453
3103
3103
2975
1044
3783
3391
987
339
345
339
338
2367
299
337
3781
3040
3844
3781
3040
3040
3040
3103
3517
2083
1381
1381
1381
1381
1381
1381
1381
339
339
3967
3897
3717
1556
2156
3718
3960
4024
418
987
2377
339
3959
2737
2901
3007
2942
2873
339
339
477
345
339
339
477
345
345
481
297
2751
2981
3390
3040
3846
1389
3269
3104
2318
477
345
339
282
2367
2303
280
3648
3842
2916
3912
3912
3040
3103
3165
1184
2147
1381
1381
1381
1381
1816
997
874
339
530
338
3961
3717
1617
1258
1326
3105
864
413
296
481
615
2900
2492
2293
3893
3078
2935
364
339
280
477
339
339
339
345
339
278
990
1665
3043
2837
3103
3781
3846
3712
1808
3033
477
477
339
282
2431
2175
292
3975
2902
2902
2903
3108
2917
3263
3135
1890
1444
1816
1381
1381
1445
2978
599
339
431
337
338
3967
2193
1131
1131
3590
4018
2120
541
300
345
346
243
3003
3043
3143
3706
1727
3787
346
354
413
477
339
339
477
339
2377
3004
1889
2592
3453
3103
3103
3103
2131
1957
1254
857
3033
530
1869
2810
990
990
3718
2837
2841
2524
2269
2269
3900
3900
3351
1687
1816
1381
1752
2978
485
926
990
2851
2491
4031
338
1886
1131
3456
3718
3420
485
530
2423
357
2678
608
2873
2811
3967
3356
3197
4029
2385
477
413
339
339
337
339
280
338
2814
3093
2850
3453
3103
3103
3717
1874
3991
2883
1896
1816
489
345
2303
2544
1551
3843
3103
3103
2839
2841
2524
2686
3004
2621
1508
1381
1816
3041
230
2302
990
2367
2981
2972
1198
338
1886
1556
1556
3714
2395
339
477
412
352
296
352
2161
346
3967
3834
3158
3098
3098
604
338
339
339
481
477
990
337
3004
2715
3645
3103
3103
3103
3846
1555
1238
1685
1942
1381
1381
930
343
292
868
3103
3912
3103
3103
3389
2908
2651
2843
2274
1381
1381
1894
987
2557
2431
2940
2431
1551
3911
1519
923
1886
1556
2156
3524
1198
541
345
339
477
3960
341
337
1474
990
2812
3835
2030
2256
867
411
337
339
481
477
4025
2568
2814
3324
3453
3103
3103
3103
3717
3584
1555
1765
1813
1896
1381
1381
858
339
1807
3103
3103
3103
3103
3453
3389
1889
3645
1772
1381
1816
2094
990
1054
2269
3964
3832
541
1809
1902
341
1809
1556
1765
3718
3079
615
339
411
608
987
2378
2318
298
2875
3960
4026
989
1551
2158
413
481
339
339
345
3832
987
3961
3580
3453
3453
3103
3040
3040
3846
1555
1363
1768
1896
1381
1381
2194
530
1743
3103
3103
3103
3035
3453
3046
2850
2660
1381
1381
1445
1059
2622
3068
2619
2748
3386
541
2596
1902
923
1809
1770
1770
3651
2158
339
615
615
2288
1870
339
615
339
348
2967
3897
1986
2857
291
2314
339
339
339
990
3007
987
3770
2851
3453
3453
3453
3103
3040
3846
3584
1363
1829
1896
1381
1381
1381
469
1743
3455
3103
3103
3165
2851
3175
2019
1381
1381
1381
1902
2622
3832
2269
2622
3832
2430
600
2596
3396
923
1809
1556
1556
3651
2158
339
339
2314
338
481
477
615
477
481
1551
1698
3015
597
2353
2800
4031
339
345
3770
2780
987
3579
2851
3103
3453
3453
3103
3103
3720
3846
1555
1829
1813
1381
1381
1381
930
2257
3040
3103
3263
3103
2851
2787
2083
1816
1381
1445
3421
3958
3832
2619
1118
3832
2431
530
1169
3396
987
1809
1556
1765
3909
2158
615
339
280
339
339
339
2378
345
2303
2680
3451
4020
431
346
339
340
339
1869
3004
3839
990
3196
3453
3103
3263
3453
3453
3103
3912
3846
3584
2067
1813
1896
1381
1381
1808
3579
2917
3103
3103
3103
3135
2851
2078
2342
1381
2149
2396
4021
2430
2875
3832
2430
2430
530
1743
3269
987
1307
1556
1556
4013
1059
339
2253
339
345
345
355
2314
477
282
3033
2415
608
1906
339
2314
615
339
1054
2589
2567
2615
3453
3103
3103
3103
3135
3453
3103
3040
3844
3846
1874
1829
1896
1381
1381
1381
1053
4020
3900
2903
3107
3103
3103
3263
2344
1381
1902
2619
2430
3960
3832
4030
2876
2174
616
1807
3459
1051
1307
1617
1765
1195
3966
341
339
345
339
477
339
2314
339
1869
3032
2747
274
365
412
411
541
370
3004
3895
353
3387
2851
3103
3103
3103
3165
3135
3103
3103
3040
3846
1555
1765
2151
1381
1381
1381
3813
2431
4031
2111
2111
2980
2517
3383
2408
1445
2567
299
2429
1054
2430
2622
3958
481
926
1233
1489
1198
1307
1617
1765
1902
4024
339
477
339
477
477
337
615
2314
339
916
2966
2899
615
615
615
477
1054
2012
291
932
2851
3453
3453
3103
3103
3103
3389
3453
3103
3040
3720
3846
2346
1959
1896
1381
1381
1178
3832
2940
3960
351
615
1679
2149
2467
2285
353
299
990
2619
2367
2814
3966
337
2875
1243
2752
989
1243
1109
1765
2285
3966
339
339
339
339
338
418
337
280
280
280
2425
291
615
530
541
990
2682
2569
419
2850
2851
3453
3103
3103
3103
3103
3103
3103
3103
3103
3040
3846
1555
1428
1623
1381
1381
2218
2557
3768
2622
4031
293
932
1752
2978
300
280
990
4023
299
1054
2460
3960
280
1869
3834
1555
2331
1243
1173
1765
1808
481
339
345
339
346
282
2377
2422
338
2377
2558
4025
3033
615
615
339
370
2247
3770
2779
2849
2851
3518
3035
3103
3103
3103
3103
3103
3103
3103
3040
3846
3584
1765
1959
1896
1381
1381
1059
3832
2940
2940
2333
3706
1003
2175
4031
990
3902
2174
990
3004
2619
300
481
477
3967
1444
2138
1243
1109
1765
2285
339
2314
345
345
344
669
345
3896
923
2422
1869
3967
2558
411
615
990
3770
2075
1953
2780
2851
2851
2851
3453
3103
3103
3103
3103
3103
3103
3103
3103
3844
3584
1173
1829
1813
1381
1381
3813
2875
2460
2461
2075
2332
2686
2524
4030
1054
2111
292
3770
2401
2174
339
339
339
282
1508
2266
1243
2944
1765
2094
339
339
477
280
292
2493
338
2810
2422
2239
345
481
3967
408
990
3832
2012
3112
2787
2780
2851
2851
3453
3135
3453
3103
3103
3103
3912
3912
3912
3912
3844
3584
1555
1684
1813
1896
1381
2194
1054
3832
2397
2842
2965
2837
3963
2429
2175
2431
1054
3643
2619
339
345
990
